length,lib,rand,rand_pos,rand_small,rand_small_pos,order,order_pos
4,0.0000528,0.0000736,0.0000500,0.0000388,0.0000330,0.0000312,0.0000282
6,0.0000460,0.0000708,0.0000604,0.0000456,0.0000386,0.0000386,0.0000364
8,0.0000396,0.0000584,0.0000486,0.0000368,0.0000322,0.0000322,0.0000308
10,0.0000600,0.0001032,0.0000858,0.0000598,0.0000542,0.0000512,0.0000470
12,0.0000556,0.0001038,0.0000922,0.0000588,0.0000524,0.0000514,0.0000470
14,0.0000374,0.0000672,0.0000594,0.0000412,0.0000362,0.0000348,0.0000326
16,0.0000552,0.0000914,0.0000828,0.0000568,0.0000502,0.0000492,0.0000454
18,0.0000636,0.0000982,0.0000902,0.0000600,0.0000538,0.0000538,0.0000506
20,0.0000756,0.0001168,0.0001074,0.0000640,0.0000554,0.0000544,0.0000510
22,0.0000544,0.0000952,0.0000870,0.0000560,0.0000502,0.0000500,0.0000460
24,0.0000698,0.0001076,0.0001002,0.0000638,0.0000584,0.0000616,0.0000552
26,0.0000860,0.0001192,0.0001076,0.0000660,0.0000584,0.0000540,0.0000496
28,0.0000574,0.0000934,0.0000854,0.0000542,0.0000494,0.0000482,0.0000438
30,0.0000632,0.0000972,0.0000900,0.0000628,0.0000562,0.0000512,0.0000460
32,0.0000704,0.0000990,0.0000920,0.0000542,0.0000488,0.0000494,0.0000458
