length,lib,rand,rand_pos,rand_small,rand_small_pos,order,order_pos
4,0.0001018,0.0000526,0.0000072,0.0000066,0.0000060,0.0000058,0.0000050
6,0.0000192,0.0000212,0.0000090,0.0000070,0.0000062,0.0000060,0.0000062
8,0.0000158,0.0000096,0.0000084,0.0000064,0.0000064,0.0000058,0.0000050
10,0.0000136,0.0000094,0.0000086,0.0000064,0.0000066,0.0000056,0.0000064
12,0.0000134,0.0000090,0.0000090,0.0000066,0.0000064,0.0000062,0.0000056
14,0.0000138,0.0000100,0.0000086,0.0000066,0.0000064,0.0000060,0.0000060
16,0.0000126,0.0000086,0.0000078,0.0000058,0.0000056,0.0000058,0.0000056
18,0.0000134,0.0000090,0.0000086,0.0000066,0.0000064,0.0000062,0.0000060
20,0.0000196,0.0000254,0.0000136,0.0000100,0.0000086,0.0000082,0.0000078
22,0.0000166,0.0000140,0.0000130,0.0000094,0.0000086,0.0000086,0.0000084
24,0.0000158,0.0000138,0.0000118,0.0000086,0.0000076,0.0000086,0.0000078
26,0.0000162,0.0000142,0.0000128,0.0000092,0.0000080,0.0000082,0.0000072
28,0.0000168,0.0000130,0.0000122,0.0000082,0.0000082,0.0000082,0.0000082
30,0.0000162,0.0000132,0.0000122,0.0000086,0.0000084,0.0000084,0.0000082
32,0.0000156,0.0000130,0.0000122,0.0000084,0.0000080,0.0000078,0.0000076
