length,lib,rand,rand_pos,rand_small,rand_small_pos,order,order_pos
4,0.0000200,0.0000498,0.0000442,0.0000326,0.0000292,0.0000278,0.0000256
6,0.0000618,0.0003386,0.0002252,0.0001136,0.0001040,0.0000880,0.0000820
8,0.0002850,0.0009040,0.0008500,0.0002388,0.0002234,0.0001898,0.0001856
10,0.0003502,0.0012232,0.0011584,0.0003254,0.0003070,0.0002562,0.0002468
12,0.0006582,0.0015724,0.0014854,0.0003678,0.0003528,0.0003130,0.0003156
14,0.0006508,0.0015740,0.0015302,0.0003932,0.0003732,0.0003204,0.0003142
16,0.0010898,0.0026560,0.0025834,0.0006616,0.0006168,0.0004358,0.0004292
18,0.0008594,0.0022976,0.0022624,0.0005296,0.0005056,0.0004204,0.0004160
20,0.0010420,0.0021078,0.0020686,0.0004820,0.0004626,0.0003936,0.0003892
22,0.0020250,0.0037486,0.0036654,0.0007720,0.0007136,0.0005516,0.0005558
24,0.0017022,0.0031220,0.0030678,0.0006528,0.0006146,0.0004868,0.0004912
26,0.0020296,0.0040768,0.0040090,0.0008678,0.0008010,0.0006434,0.0006434
28,0.0022980,0.0042928,0.0042328,0.0008570,0.0008018,0.0006328,0.0006224
30,0.0019264,0.0038130,0.0037506,0.0007770,0.0007276,0.0005854,0.0005886
32,0.0031210,0.0058426,0.0057692,0.0010976,0.0010120,0.0007668,0.0007812
