length,lib,rand,rand_pos,rand_small,rand_small_pos,order,order_pos
4,0.0227698,0.0000000,0.0000000,0.0000000,0.0000000,0.0324918,0.0374768
6,1.7305412,0.0000000,0.0000000,0.0000000,0.0000000,0.6043760,0.7077378
8,0.7203228,0.0000000,0.0000000,0.0000000,0.0000000,0.1449018,0.1606366
10,1.3194920,0.0000000,0.0000000,0.0000000,0.0000000,0.2781040,0.3662652
12,6.8361820,0.0000000,0.0000000,0.0000000,0.0000000,1.6205426,1.8397382
14,6.1724696,0.0000000,0.0000000,0.0000000,0.0000000,1.3540774,1.4575816
16,10.9134484,0.0000000,0.0000000,0.0000000,0.0000000,1.4089062,1.5748262
18,7.1189564,0.0000000,0.0000000,0.0000000,0.0000000,1.4424546,1.4843452
20,5.1136772,0.0000000,0.0000000,0.0000000,0.0000000,1.4960034,1.6676458
22,14.8257870,0.0000000,0.0000000,0.0000000,0.0000000,3.0554604,3.4083256
24,13.8417180,0.0000000,0.0000000,0.0000000,0.0000000,2.2328320,2.4810946
26,17.6855572,0.0000000,0.0000000,0.0000000,0.0000000,3.1575680,3.4292664
28,14.2752456,0.0000000,0.0000000,0.0000000,0.0000000,2.1756616,2.4232968
30,24.2160164,0.0000000,0.0000000,0.0000000,0.0000000,3.2070556,3.5698430
32,28.4354330,0.0000000,0.0000000,0.0000000,0.0000000,3.5271876,3.8796956
