length,lib,rand,rand_pos,rand_small,rand_small_pos,order,order_pos
4,0.0000330,0.0000239,0.0000065,0.0000050,0.0000047,0.0000046,0.0000042
5,0.0000124,0.0000078,0.0000069,0.0000050,0.0000050,0.0000046,0.0000045
6,0.0000165,0.0000113,0.0000090,0.0000073,0.0000067,0.0000087,0.0000061
7,0.0000150,0.0000108,0.0000094,0.0000073,0.0000070,0.0000066,0.0000062
8,0.0000148,0.0000117,0.0000106,0.0000081,0.0000072,0.0000070,0.0000063
9,0.0000145,0.0000111,0.0000102,0.0000074,0.0000072,0.0000069,0.0000067
10,0.0000144,0.0000110,0.0000098,0.0000071,0.0000066,0.0000071,0.0000063
11,0.0000123,0.0000112,0.0000086,0.0000062,0.0000062,0.0000057,0.0000056
12,0.0000123,0.0000094,0.0000086,0.0000060,0.0000060,0.0000060,0.0000054
13,0.0000124,0.0000096,0.0000089,0.0000062,0.0000060,0.0000058,0.0000061
14,0.0000111,0.0000091,0.0000083,0.0000058,0.0000054,0.0000055,0.0000055
15,0.0000107,0.0000085,0.0000075,0.0000052,0.0000051,0.0000051,0.0000050
16,0.0000102,0.0000085,0.0000076,0.0000052,0.0000052,0.0000050,0.0000052
17,0.0000104,0.0000085,0.0000079,0.0000053,0.0000054,0.0000050,0.0000050
18,0.0000104,0.0000090,0.0000079,0.0000055,0.0000053,0.0000051,0.0000047
19,0.0000107,0.0000086,0.0000079,0.0000054,0.0000055,0.0000052,0.0000047
20,0.0000097,0.0000077,0.0000072,0.0000050,0.0000050,0.0000047,0.0000044
21,0.0000089,0.0000072,0.0000066,0.0000047,0.0000048,0.0000046,0.0000042
22,0.0000092,0.0000074,0.0000067,0.0000048,0.0000045,0.0000043,0.0000043
23,0.0000090,0.0000072,0.0000069,0.0000048,0.0000045,0.0000047,0.0000045
24,0.0000090,0.0000075,0.0000066,0.0000047,0.0000050,0.0000048,0.0000043
25,0.0000092,0.0000073,0.0000068,0.0000048,0.0000046,0.0000044,0.0000042
