length,lib,rand,rand_pos,rand_small,rand_small_pos,order,order_pos
4,0.0013599,0.0000000,0.0000000,0.0000000,0.0000000,0.0027442,0.0028006
6,0.0083264,0.0000000,0.0000000,0.0000000,0.0000000,0.0040775,0.0044901
8,0.0111095,0.0000000,0.0000000,0.0000000,0.0000000,0.0044357,0.0048097
10,0.0203120,0.0000000,0.0000000,0.0000000,0.0000000,0.0061382,0.0064824
12,0.0730905,0.0000000,0.0000000,0.0000000,0.0000000,0.0129757,0.0142581
14,0.0701836,0.0000000,0.0000000,0.0000000,0.0000000,0.0132373,0.0147911
16,0.1499238,0.0000000,0.0000000,0.0000000,0.0000000,0.0251799,0.0277913
18,0.1192397,0.0000000,0.0000000,0.0000000,0.0000000,0.0220516,0.0241963
20,0.1740245,0.0000000,0.0000000,0.0000000,0.0000000,0.0311595,0.0342551
22,0.1744753,0.0000000,0.0000000,0.0000000,0.0000000,0.0282839,0.0313104
24,0.1553262,0.0000000,0.0000000,0.0000000,0.0000000,0.0284172,0.0312926
