length,lib,rand,rand_pos,rand_small,rand_small_pos,order,order_pos
4,0.0600234,0.0000000,0.0000000,0.0000000,0.0000000,0.0977200,0.1113440
6,0.4239378,0.0000000,0.0000000,0.0000000,0.0000000,0.3055278,0.3505314
8,3.1949356,0.0000000,0.0000000,0.0000000,0.0000000,1.1397818,1.3260082
10,3.5409064,0.0000000,0.0000000,0.0000000,0.0000000,0.7152020,0.7847256
12,3.2811288,0.0000000,0.0000000,0.0000000,0.0000000,0.6039158,0.6937500
14,1.9373430,0.0000000,0.0000000,0.0000000,0.0000000,0.5365136,0.6316862
16,10.3216236,0.0000000,0.0000000,0.0000000,0.0000000,2.3593966,2.6337886
18,5.4066780,0.0000000,0.0000000,0.0000000,0.0000000,1.4443906,1.3676390
20,14.1002446,0.0000000,0.0000000,0.0000000,0.0000000,2.7596182,2.9410244
22,8.3142666,0.0000000,0.0000000,0.0000000,0.0000000,1.6248050,1.8111528
24,11.6534638,0.0000000,0.0000000,0.0000000,0.0000000,1.7253218,2.0582286
26,14.5728202,0.0000000,0.0000000,0.0000000,0.0000000,3.0994216,3.4209636
28,20.9101586,0.0000000,0.0000000,0.0000000,0.0000000,3.4478936,3.8276568
30,23.3733268,0.0000000,0.0000000,0.0000000,0.0000000,3.0106834,3.2992376
32,18.9792996,0.0000000,0.0000000,0.0000000,0.0000000,2.6746950,2.8432672
