length,lib,rand,rand_pos,rand_small,rand_small_pos,order,order_pos
4,0.0000530,0.0003932,0.0003440,0.0001258,0.0001166,0.0000976,0.0000946
6,0.0007188,0.0019128,0.0017806,0.0003848,0.0003596,0.0002972,0.0002916
8,0.0005652,0.0022320,0.0021184,0.0004974,0.0004664,0.0003736,0.0003672
10,0.0005360,0.0012046,0.0011614,0.0003508,0.0003312,0.0002300,0.0002234
12,0.0002776,0.0008646,0.0008190,0.0002520,0.0002410,0.0002208,0.0002134
14,0.0007538,0.0017922,0.0017544,0.0004360,0.0004044,0.0003454,0.0003368
16,0.0015584,0.0027284,0.0026600,0.0006068,0.0005816,0.0004776,0.0004798
18,0.0013886,0.0026060,0.0025456,0.0005684,0.0005326,0.0004360,0.0004340
20,0.0014496,0.0028942,0.0028110,0.0006244,0.0005974,0.0004972,0.0004972
22,0.0013736,0.0029466,0.0028864,0.0006286,0.0005884,0.0004730,0.0004734
24,0.0011884,0.0026268,0.0025492,0.0006584,0.0006294,0.0004694,0.0004634
26,0.0026112,0.0045784,0.0044764,0.0008982,0.0008410,0.0006226,0.0006366
28,0.0021956,0.0045104,0.0044342,0.0009070,0.0008468,0.0006526,0.0006604
30,0.0030070,0.0057208,0.0056420,0.0010458,0.0009692,0.0007270,0.0007344
32,0.0016652,0.0034326,0.0034038,0.0007248,0.0006746,0.0005236,0.0005294
