length,lib,rand,rand_pos,rand_small,rand_small_pos,order,order_pos
4,0.0000175,0.0000460,0.0000380,0.0000213,0.0000186,0.0000184,0.0000171
5,0.0000154,0.0000467,0.0000398,0.0000222,0.0000198,0.0000199,0.0000183
6,0.0000189,0.0000607,0.0000517,0.0000258,0.0000229,0.0000233,0.0000214
7,0.0000233,0.0000817,0.0000740,0.0000330,0.0000295,0.0000294,0.0000274
8,0.0000261,0.0000777,0.0000710,0.0000328,0.0000294,0.0000289,0.0000270
9,0.0000247,0.0000724,0.0000655,0.0000330,0.0000296,0.0000293,0.0000282
10,0.0000252,0.0000766,0.0000698,0.0000350,0.0000318,0.0000320,0.0000304
11,0.0000256,0.0000771,0.0000706,0.0000339,0.0000317,0.0000308,0.0000292
12,0.0000356,0.0000869,0.0000810,0.0000420,0.0000395,0.0000397,0.0000358
13,0.0000387,0.0001097,0.0001043,0.0000523,0.0000467,0.0000462,0.0000433
14,0.0000396,0.0001081,0.0001009,0.0000510,0.0000440,0.0000437,0.0000416
15,0.0000412,0.0001025,0.0000993,0.0000501,0.0000437,0.0000447,0.0000422
16,0.0000439,0.0001131,0.0001088,0.0000566,0.0000509,0.0000491,0.0000472
17,0.0000470,0.0001211,0.0001171,0.0000578,0.0000518,0.0000516,0.0000496
18,0.0000556,0.0001374,0.0001317,0.0000632,0.0000567,0.0000556,0.0000533
19,0.0000466,0.0001240,0.0001177,0.0000588,0.0000518,0.0000503,0.0000480
20,0.0000516,0.0001339,0.0001275,0.0000630,0.0000572,0.0000571,0.0000540
21,0.0000520,0.0001356,0.0001302,0.0000611,0.0000556,0.0000539,0.0000524
22,0.0000552,0.0001347,0.0001282,0.0000637,0.0000580,0.0000575,0.0000545
23,0.0000517,0.0001378,0.0001324,0.0000641,0.0000579,0.0000569,0.0000528
24,0.0000574,0.0001497,0.0001409,0.0000659,0.0000589,0.0000610,0.0000566
25,0.0000580,0.0001403,0.0001337,0.0000654,0.0000595,0.0000589,0.0000562
