length,lib,rand,rand_pos,rand_small,rand_small_pos,order,order_pos
4,0.108983,0.0000000,0.0000000,0.0000000,0.0000000,0.0000000,0.0443728
6,0.331672,0.0000000,0.0000000,0.0000000,0.0000000,0.0000000,0.0642508
8,0.53395,0.0000000,0.0000000,0.0000000,0.0000000,0.0000000,0.1884736
10,0.722509,0.0000000,0.0000000,0.0000000,0.0000000,0.0000000,0.7214228
12,4.48402,0.0000000,0.0000000,0.0000000,0.0000000,0.0000000,2.1278870
14,4.32306,0.0000000,0.0000000,0.0000000,0.0000000,0.0000000,1.8028228
16,3.85997,0.0000000,0.0000000,0.0000000,0.0000000,0.0000000,2.1831168
18,4.44973,0.0000000,0.0000000,0.0000000,0.0000000,0.0000000,2.0092924
20,6.46192,0.0000000,0.0000000,0.0000000,0.0000000,0.0000000,3.1987296
22,7.41254,0.0000000,0.0000000,0.0000000,0.0000000,0.0000000,2.6905880
24,8.0926,0.0000000,0.0000000,0.0000000,0.0000000,0.0000000,2.6971910
26,6.1991,0.0000000,0.0000000,0.0000000,0.0000000,0.0000000,3.0263026
28,6.06524,0.0000000,0.0000000,0.0000000,0.0000000,0.0000000,3.6936324
30,9.97482,0.0000000,0.0000000,0.0000000,0.0000000,0.0000000,3.7812324
32,8.64715,0.0000000,0.0000000,0.0000000,0.0000000,0.0000000,3.6041554
